Easting [Zone 4, m], Northing [Zone 4, m], Latitude [DecDeg], Longitude [DecDeg], SnowDepth [cm]
  593453.0  7920005.8 71.363870452712 -156.379048462698       44.1
  593453.6  7920006.6 71.363877494775 -156.379031113490       42.7
  593454.2  7920007.4 71.363884536836 -156.379013764270       41.4
  593454.8  7920008.2 71.363891578896 -156.378996415036       40.1
  593455.3  7920009.0 71.363898620953 -156.378979065791       38.9
  593455.9  7920009.8 71.363905663010 -156.378961716532       37.7
  593456.5  7920010.6 71.363912705064 -156.378944367261       36.7
  593457.1  7920011.5 71.363919747117 -156.378927017977       35.7
  593457.7  7920012.3 71.363926789169 -156.378909668680       34.9
  593458.3  7920013.1 71.363933831218 -156.378892319371       34.2
  593458.8  7920013.9 71.363940873267 -156.378874970049       33.8
  593459.4  7920014.7 71.363947915313 -156.378857620715       33.7
  593460.0  7920015.5 71.363954957358 -156.378840271367       33.7
  593460.6  7920016.3 71.363961999401 -156.378822922008       33.9
  593461.2  7920017.1 71.363969041443 -156.378805572635       33.9
  593461.8  7920017.9 71.363976083483 -156.378788223250       33.9
  593462.3  7920018.8 71.363983125522 -156.378770873852       33.6
  593462.9  7920019.6 71.363990167559 -156.378753524442       33.2
  593463.5  7920020.4 71.363997209594 -156.378736175019       32.6
  593464.1  7920021.2 71.364004251627 -156.378718825583       31.9
  593464.7  7920022.0 71.364011293659 -156.378701476134       31.0
  593465.3  7920022.8 71.364018335690 -156.378684126673       30.1
  593465.9  7920023.6 71.364025377719 -156.378666777200       29.2
  593466.4  7920024.4 71.364032419746 -156.378649427713       28.3
  593467.0  7920025.3 71.364039461771 -156.378632078214       27.6
  593467.6  7920026.1 71.364046503795 -156.378614728703       27.0
  593468.2  7920026.9 71.364053545817 -156.378597379178       26.6
  593468.8  7920027.7 71.364060587838 -156.378580029641       26.3
  593469.4  7920028.5 71.364067629857 -156.378562680092       26.3
  593469.9  7920029.3 71.364074671875 -156.378545330529       26.5
  593470.5  7920030.1 71.364081713891 -156.378527980954       26.9
  593471.1  7920030.9 71.364088755905 -156.378510631367       27.4
  593471.7  7920031.7 71.364095797917 -156.378493281766       27.9
  593472.3  7920032.6 71.364102839928 -156.378475932154       28.5
  593472.9  7920033.4 71.364109881938 -156.378458582528       28.9
  593473.4  7920034.2 71.364116923945 -156.378441232890       29.3
  593474.0  7920035.0 71.364123965952 -156.378423883239       29.6
  593474.6  7920035.8 71.364131007956 -156.378406533575       29.7
  593475.2  7920036.6 71.364138049959 -156.378389183899       29.6
  593475.8  7920037.4 71.364145091960 -156.378371834210       29.3
  593476.4  7920038.2 71.364152133960 -156.378354484509       28.8
  593477.0  7920039.0 71.364159175958 -156.378337134794       28.2
  593477.5  7920039.9 71.364166217954 -156.378319785068       27.5
  593478.1  7920040.7 71.364173259949 -156.378302435328       26.7
  593478.7  7920041.5 71.364180301942 -156.378285085576       25.8
  593479.3  7920042.3 71.364187343934 -156.378267735811       24.9
  593479.9  7920043.1 71.364194385924 -156.378250386034       24.0
  593480.5  7920043.9 71.364201427912 -156.378233036244       23.2
  593481.0  7920044.7 71.364208469899 -156.378215686441       22.3
  593481.6  7920045.5 71.364215511884 -156.378198336626       21.6
  593482.2  7920046.4 71.364222553868 -156.378180986797       20.8
  593482.8  7920047.2 71.364229595850 -156.378163636957       20.1
  593483.4  7920048.0 71.364236637830 -156.378146287103       19.4
  593484.0  7920048.8 71.364243679808 -156.378128937237       18.8
  593484.5  7920049.6 71.364250721785 -156.378111587359       18.2
  593485.1  7920050.4 71.364257763761 -156.378094237467       17.8
  593485.7  7920051.2 71.364264805735 -156.378076887563       17.3
  593486.3  7920052.0 71.364271847707 -156.378059537647       17.0
  593486.9  7920052.8 71.364278889677 -156.378042187717       16.7
  593487.5  7920053.7 71.364285931646 -156.378024837775       16.5
  593488.1  7920054.5 71.364292973614 -156.378007487821       16.4
  593488.6  7920055.3 71.364300015579 -156.377990137853       16.3
  593489.2  7920056.1 71.364307057544 -156.377972787873       16.2
  593489.8  7920056.9 71.364314099506 -156.377955437881       16.1
  593490.4  7920057.7 71.364321141467 -156.377938087876       16.0
  593491.0  7920058.5 71.364328183426 -156.377920737858       15.8
  593491.6  7920059.3 71.364335225384 -156.377903387827       15.5
  593492.1  7920060.1 71.364342267340 -156.377886037784       15.2
  593492.7  7920061.0 71.364349309294 -156.377868687728       14.8
  593493.3  7920061.8 71.364356351247 -156.377851337660       14.3
  593493.9  7920062.6 71.364363393198 -156.377833987578       13.8
  593494.5  7920063.4 71.364370435148 -156.377816637485       13.3
  593495.1  7920064.2 71.364377477095 -156.377799287378       12.9
  593495.6  7920065.0 71.364384519042 -156.377781937259       12.5
  593496.2  7920065.8 71.364391560986 -156.377764587127       12.2
  593496.8  7920066.6 71.364398602930 -156.377747236983       11.9
  593497.4  7920067.5 71.364405644871 -156.377729886825       11.9
  593498.0  7920068.3 71.364412686811 -156.377712536656       12.0
  593498.6  7920069.1 71.364419728749 -156.377695186473       12.4
  593499.2  7920069.9 71.364426770686 -156.377677836278       13.0
  593499.7  7920070.7 71.364433812621 -156.377660486070       13.9
  593500.3  7920071.5 71.364440854554 -156.377643135850       14.9
  593500.9  7920072.3 71.364447896486 -156.377625785617       16.0
  593501.5  7920073.1 71.364454938416 -156.377608435371       17.2
  593502.1  7920073.9 71.364461980344 -156.377591085113       18.4
  593502.7  7920074.8 71.364469022271 -156.377573734842       19.5
  593503.2  7920075.6 71.364476064197 -156.377556384558       20.4
  593503.8  7920076.4 71.364483106120 -156.377539034262       21.1
  593504.4  7920077.2 71.364490148042 -156.377521683953       21.6
  593505.0  7920078.0 71.364497189963 -156.377504333631       21.8
  593505.6  7920078.8 71.364504231882 -156.377486983297       21.6
  593506.2  7920079.6 71.364511273799 -156.377469632950       21.2
  593506.7  7920080.4 71.364518315714 -156.377452282590       20.4
  593507.3  7920081.3 71.364525357628 -156.377434932218       19.4
  593507.9  7920082.1 71.364532399541 -156.377417581833       18.3
  593508.5  7920082.9 71.364539441451 -156.377400231436       17.1
  593509.1  7920083.7 71.364546483361 -156.377382881025       15.8
  593509.7  7920084.5 71.364553525268 -156.377365530603       14.6
  593510.3  7920085.3 71.364560567174 -156.377348180167       13.3
  593510.8  7920086.1 71.364567609078 -156.377330829719       12.1
  593511.4  7920086.9 71.364574650981 -156.377313479258       11.0
  593512.0  7920087.7 71.364581692882 -156.377296128784        9.9
  593512.6  7920088.6 71.364588734781 -156.377278778298        8.9
  593513.2  7920089.4 71.364595776679 -156.377261427799        7.9
  593513.8  7920090.2 71.364602818575 -156.377244077288        7.1
  593514.3  7920091.0 71.364609860470 -156.377226726764        6.5
  593514.9  7920091.8 71.364616902363 -156.377209376227        6.0
  593515.5  7920092.6 71.364623944254 -156.377192025678        5.9
  593516.1  7920093.4 71.364630986144 -156.377174675115        6.0
  593516.7  7920094.2 71.364638028032 -156.377157324541        6.4
  593517.3  7920095.0 71.364645069918 -156.377139973953        7.0
  593517.8  7920095.9 71.364652111803 -156.377122623353        7.8
  593518.4  7920096.7 71.364659153686 -156.377105272740        8.8
  593519.0  7920097.5 71.364666195568 -156.377087922115        9.8
  593519.6  7920098.3 71.364673237448 -156.377070571477       10.9
  593520.2  7920099.1 71.364680279327 -156.377053220826       11.8
  593520.8  7920099.9 71.364687321203 -156.377035870163       12.6
  593521.4  7920100.7 71.364694363078 -156.377018519487       13.0
  593521.9  7920101.5 71.364701404952 -156.377001168798       13.1
  593522.5  7920102.4 71.364708446824 -156.376983818097       12.8
  593523.1  7920103.2 71.364715488694 -156.376966467383       12.2
  593523.7  7920104.0 71.364722530563 -156.376949116656       11.4
  593524.3  7920104.8 71.364729572430 -156.376931765917       10.5
  593524.9  7920105.6 71.364736614295 -156.376914415165        9.6
  593525.4  7920106.4 71.364743656159 -156.376897064401        8.8
  593526.0  7920107.2 71.364750698022 -156.376879713623        8.0
  593526.6  7920108.0 71.364757739882 -156.376862362833        7.3
  593527.2  7920108.8 71.364764781741 -156.376845012031        6.7
  593527.8  7920109.7 71.364771823598 -156.376827661216        6.2
  593528.4  7920110.5 71.364778865454 -156.376810310388        5.8
  593528.9  7920111.3 71.364785907308 -156.376792959547        5.6
  593529.5  7920112.1 71.364792949161 -156.376775608694        5.5
  593530.1  7920112.9 71.364799991012 -156.376758257828        5.5
  593530.7  7920113.7 71.364807032861 -156.376740906950        5.6
  593531.3  7920114.5 71.364814074709 -156.376723556058        5.7
  593531.9  7920115.3 71.364821116555 -156.376706205155        6.0
  593532.5  7920116.1 71.364828158399 -156.376688854238        6.3
  593533.0  7920117.0 71.364835200242 -156.376671503309        6.9
  593533.6  7920117.8 71.364842242083 -156.376654152367        7.6
  593534.2  7920118.6 71.364849283923 -156.376636801413        8.6
  593534.8  7920119.4 71.364856325761 -156.376619450446        9.8
  593535.4  7920120.2 71.364863367597 -156.376602099466       11.1
  593536.0  7920121.0 71.364870409432 -156.376584748473       12.5
  593536.5  7920121.8 71.364877451265 -156.376567397468       13.8
  593537.1  7920122.6 71.364884493096 -156.376550046451       14.8
  593537.7  7920123.5 71.364891534926 -156.376532695420       15.6
  593538.3  7920124.3 71.364898576755 -156.376515344377       16.1
  593538.9  7920125.1 71.364905618581 -156.376497993321       16.2
  593539.5  7920125.9 71.364912660406 -156.376480642253       16.1
  593540.0  7920126.7 71.364919702230 -156.376463291172       15.7
  593540.6  7920127.5 71.364926744051 -156.376445940078       15.1
  593541.2  7920128.3 71.364933785872 -156.376428588972       14.5
  593541.8  7920129.1 71.364940827690 -156.376411237853       13.8
  593542.4  7920129.9 71.364947869507 -156.376393886721       13.2
  593543.0  7920130.8 71.364954911323 -156.376376535577       12.8
  593543.6  7920131.6 71.364961953136 -156.376359184420       12.6
  593544.1  7920132.4 71.364968994948 -156.376341833251       12.6
  593544.7  7920133.2 71.364976036759 -156.376324482068       12.8
  593545.3  7920134.0 71.364983078568 -156.376307130873       13.2
  593545.9  7920134.8 71.364990120375 -156.376289779666       13.6
  593546.5  7920135.6 71.364997162181 -156.376272428446       14.1
  593547.1  7920136.4 71.365004203984 -156.376255077213       14.6
  593547.6  7920137.3 71.365011245787 -156.376237725967       15.0
  593548.2  7920138.1 71.365018287588 -156.376220374709       15.3
  593548.8  7920138.9 71.365025329387 -156.376203023438       15.6
  593549.4  7920139.7 71.365032371184 -156.376185672154       15.9
  593550.0  7920140.5 71.365039412980 -156.376168320858       16.5
  593550.6  7920141.3 71.365046454775 -156.376150969549       17.2
  593551.1  7920142.1 71.365053496567 -156.376133618228       18.3
  593551.7  7920142.9 71.365060538358 -156.376116266894       19.7
  593552.3  7920143.7 71.365067580148 -156.376098915547       21.3
  593552.9  7920144.6 71.365074621936 -156.376081564188       23.1
  593553.5  7920145.4 71.365081663722 -156.376064212815       24.9
  593554.1  7920146.2 71.365088705506 -156.376046861431       26.6
  593554.7  7920147.0 71.365095747289 -156.376029510033       28.0
  593555.2  7920147.8 71.365102789071 -156.376012158623       29.1
  593555.8  7920148.6 71.365109830851 -156.375994807200       29.7
  593556.4  7920149.4 71.365116872629 -156.375977455765       29.8
  593557.0  7920150.2 71.365123914405 -156.375960104317       29.3
  593557.6  7920151.0 71.365130956180 -156.375942752856       28.2
  593558.2  7920151.9 71.365137997953 -156.375925401383       26.7
  593558.7  7920152.7 71.365145039725 -156.375908049897       24.8
  593559.3  7920153.5 71.365152081495 -156.375890698398       22.7
  593559.9  7920154.3 71.365159123264 -156.375873346887       20.6
  593560.5  7920155.1 71.365166165030 -156.375855995363       18.7
  593561.1  7920155.9 71.365173206796 -156.375838643826       17.0
  593561.7  7920156.7 71.365180248559 -156.375821292277       15.6
  593562.2  7920157.5 71.365187290321 -156.375803940715       14.6
  593562.8  7920158.4 71.365194332081 -156.375786589140       13.8
  593563.4  7920159.2 71.365201373840 -156.375769237553       13.3
  593564.0  7920160.0 71.365208415597 -156.375751885953       13.1
  593564.6  7920160.8 71.365215457353 -156.375734534340       13.0
  593565.2  7920161.6 71.365222499107 -156.375717182715       13.1
  593565.8  7920162.4 71.365229540859 -156.375699831077       13.3
  593566.3  7920163.2 71.365236582610 -156.375682479427       13.5
  593566.9  7920164.0 71.365243624359 -156.375665127763       13.8
  593567.5  7920164.8 71.365250666106 -156.375647776087       14.2
  593568.1  7920165.7 71.365257707852 -156.375630424399       14.7
  593568.7  7920166.5 71.365264749596 -156.375613072698       15.3
  593569.3  7920167.3 71.365271791338 -156.375595720984       16.1
  593569.8  7920168.1 71.365278833079 -156.375578369257       17.0
  593570.4  7920168.9 71.365285874819 -156.375561017518       18.1
  593571.0  7920169.7 71.365292916556 -156.375543665766       19.3
  593571.6  7920170.5 71.365299958293 -156.375526314002       20.8
  593572.2  7920171.3 71.365307000027 -156.375508962225       22.4
  593572.8  7920172.1 71.365314041760 -156.375491610435       24.2
  593573.3  7920173.0 71.365321083491 -156.375474258632       26.0
  593573.9  7920173.8 71.365328125221 -156.375456906817       27.9
  593574.5  7920174.6 71.365335166949 -156.375439554990       29.7
  593575.1  7920175.4 71.365342208675 -156.375422203149       31.5
  593575.7  7920176.2 71.365349250400 -156.375404851296       33.1
  593576.3  7920177.0 71.365356292123 -156.375387499430       34.5
  593576.9  7920177.8 71.365363333844 -156.375370147552       35.6
  593577.4  7920178.6 71.365370375564 -156.375352795661       36.3
  593578.0  7920179.5 71.365377417283 -156.375335443757       36.3
  593578.6  7920180.3 71.365384458999 -156.375318091841       35.7
  593579.2  7920181.1 71.365391500714 -156.375300739912       34.4
  593579.8  7920181.9 71.365398542428 -156.375283387970       32.4
  593580.4  7920182.7 71.365405584140 -156.375266036016       29.8
  593580.9  7920183.5 71.365412625850 -156.375248684049       26.8
  593581.5  7920184.3 71.365419667559 -156.375231332069       23.5
  593582.1  7920185.1 71.365426709266 -156.375213980077       20.1
  593582.7  7920185.9 71.365433750971 -156.375196628072       16.9
  593583.3  7920186.8 71.365440792675 -156.375179276054       14.0
  593583.9  7920187.6 71.365447834377 -156.375161924024       11.7
  593584.4  7920188.4 71.365454876077 -156.375144571981       10.1
  593585.0  7920189.2 71.365461917776 -156.375127219925        9.3
  593585.6  7920190.0 71.365468959473 -156.375109867857        9.5
  593586.2  7920190.8 71.365476001169 -156.375092515776       10.4
  593586.8  7920191.6 71.365483042863 -156.375075163682       12.1
  593587.4  7920192.4 71.365490084556 -156.375057811576       14.1
  593588.0  7920193.3 71.365497126246 -156.375040459457       16.2
  593588.5  7920194.1 71.365504167936 -156.375023107326       18.2
  593589.1  7920194.9 71.365511209623 -156.375005755182       19.8
  593589.7  7920195.7 71.365518251309 -156.374988403025       21.0
  593590.3  7920196.5 71.365525292993 -156.374971050855       21.6
  593590.9  7920197.3 71.365532334676 -156.374953698673       21.7
  593591.5  7920198.1 71.365539376357 -156.374936346478       21.4
  593592.0  7920198.9 71.365546418037 -156.374918994271       20.5
  593592.6  7920199.7 71.365553459715 -156.374901642051       19.3
  593593.2  7920200.6 71.365560501391 -156.374884289818       17.9
  593593.8  7920201.4 71.365567543065 -156.374866937572       16.3
  593594.4  7920202.2 71.365574584738 -156.374849585314       14.8
  593595.0  7920203.0 71.365581626410 -156.374832233043       13.3
  593595.6  7920203.8 71.365588668080 -156.374814880760       12.1
  593596.1  7920204.6 71.365595709748 -156.374797528464       11.0
  593596.7  7920205.4 71.365602751414 -156.374780176155       10.1
  593597.3  7920206.2 71.365609793079 -156.374762823834        9.3
  593597.9  7920207.0 71.365616834743 -156.374745471499        8.7
  593598.5  7920207.9 71.365623876404 -156.374728119153        8.1
  593599.1  7920208.7 71.365630918064 -156.374710766793        7.5
  593599.6  7920209.5 71.365637959723 -156.374693414421        7.1
  593600.2  7920210.3 71.365645001380 -156.374676062037        6.7
  593600.8  7920211.1 71.365652043035 -156.374658709639        6.6
  593601.4  7920211.9 71.365659084688 -156.374641357229        6.6
  593602.0  7920212.7 71.365666126340 -156.374624004807        6.8
  593602.6  7920213.5 71.365673167991 -156.374606652371        7.1
  593603.1  7920214.4 71.365680209640 -156.374589299923        7.6
  593603.7  7920215.2 71.365687251287 -156.374571947463        8.3
  593604.3  7920216.0 71.365694292932 -156.374554594989        9.0
  593604.9  7920216.8 71.365701334576 -156.374537242503        9.8
  593605.5  7920217.6 71.365708376218 -156.374519890005       10.5
  593606.1  7920218.4 71.365715417859 -156.374502537493       11.3
  593606.7  7920219.2 71.365722459498 -156.374485184969       11.9
  593607.2  7920220.0 71.365729501136 -156.374467832433       12.4
  593607.8  7920220.8 71.365736542771 -156.374450479884       12.9
  593608.4  7920221.7 71.365743584406 -156.374433127322       13.2
  593609.0  7920222.5 71.365750626038 -156.374415774747       13.3
  593609.6  7920223.3 71.365757667669 -156.374398422160       13.4
  593610.2  7920224.1 71.365764709298 -156.374381069560       13.5
  593610.7  7920224.9 71.365771750926 -156.374363716947       13.5
  593611.3  7920225.7 71.365778792552 -156.374346364322       13.6
  593611.9  7920226.5 71.365785834177 -156.374329011684       13.7
  593612.5  7920227.3 71.365792875800 -156.374311659034       13.9
  593613.1  7920228.1 71.365799917421 -156.374294306371       14.1
  593613.7  7920229.0 71.365806959041 -156.374276953695       14.4
  593614.2  7920229.8 71.365814000659 -156.374259601006       14.7
  593614.8  7920230.6 71.365821042275 -156.374242248305       15.1
  593615.4  7920231.4 71.365828083890 -156.374224895591       15.6
  593616.0  7920232.2 71.365835125503 -156.374207542865       16.1
  593616.6  7920233.0 71.365842167115 -156.374190190126       16.7
  593617.2  7920233.8 71.365849208724 -156.374172837374       17.3
  593617.8  7920234.6 71.365856250333 -156.374155484610       18.0
  593618.3  7920235.5 71.365863291939 -156.374138131832       18.8
  593618.9  7920236.3 71.365870333545 -156.374120779043       19.6
  593619.5  7920237.1 71.365877375148 -156.374103426240       20.5
  593620.1  7920237.9 71.365884416750 -156.374086073425       21.5
  593620.7  7920238.7 71.365891458350 -156.374068720597       22.6
  593621.3  7920239.5 71.365898499949 -156.374051367757       23.7
  593621.8  7920240.3 71.365905541546 -156.374034014904       24.9
  593622.4  7920241.1 71.365912583141 -156.374016662038       26.0
  593623.0  7920241.9 71.365919624735 -156.373999309160       27.2
  593623.6  7920242.8 71.365926666327 -156.373981956269       28.3
  593624.2  7920243.6 71.365933707918 -156.373964603365       29.3
  593624.8  7920244.4 71.365940749506 -156.373947250449       30.2
  593625.3  7920245.2 71.365947791094 -156.373929897520       31.0
  593625.9  7920246.0 71.365954832679 -156.373912544578       31.6
  593626.5  7920246.8 71.365961874264 -156.373895191624       32.2
  593627.1  7920247.6 71.365968915846 -156.373877838657       32.6
  593627.7  7920248.4 71.365975957427 -156.373860485677       32.8
  593628.3  7920249.3 71.365982999006 -156.373843132685       32.9
  593628.9  7920250.1 71.365990040584 -156.373825779680       32.7
  593629.4  7920250.9 71.365997082160 -156.373808426662       32.5
  593630.0  7920251.7 71.366004123734 -156.373791073632       32.0
  593630.6  7920252.5 71.366011165307 -156.373773720589       31.3
  593631.2  7920253.3 71.366018206878 -156.373756367534       30.5
  593631.8  7920254.1 71.366025248447 -156.373739014465       29.5
  593632.4  7920254.9 71.366032290015 -156.373721661385       28.4
  593632.9  7920255.7 71.366039331581 -156.373704308291       27.1
  593633.5  7920256.6 71.366046373146 -156.373686955185       25.7
  593634.1  7920257.4 71.366053414709 -156.373669602066       24.3
  593634.7  7920258.2 71.366060456271 -156.373652248934       22.9
  593635.3  7920259.0 71.366067497830 -156.373634895790       21.6
  593635.9  7920259.8 71.366074539389 -156.373617542633       20.5
  593636.4  7920260.6 71.366081580945 -156.373600189464       19.7
  593637.0  7920261.4 71.366088622500 -156.373582836282       19.1
  593637.6  7920262.2 71.366095664053 -156.373565483087       18.8
  593638.2  7920263.0 71.366102705605 -156.373548129879       18.7
  593638.8  7920263.9 71.366109747155 -156.373530776659       18.8
  593639.4  7920264.7 71.366116788704 -156.373513423426       19.2
  593640.0  7920265.5 71.366123830250 -156.373496070181       19.8
  593640.5  7920266.3 71.366130871796 -156.373478716923       20.5
  593641.1  7920267.1 71.366137913339 -156.373461363652       21.3
  593641.7  7920267.9 71.366144954881 -156.373444010369       22.1
  593642.3  7920268.7 71.366151996422 -156.373426657072       22.9
  593642.9  7920269.5 71.366159037961 -156.373409303764       23.6
  593643.5  7920270.4 71.366166079498 -156.373391950442       24.2
  593644.0  7920271.2 71.366173121033 -156.373374597108       24.6
  593644.6  7920272.0 71.366180162567 -156.373357243762       24.7
  593645.2  7920272.8 71.366187204099 -156.373339890402       24.8
  593645.8  7920273.6 71.366194245630 -156.373322537030       24.6
  593646.4  7920274.4 71.366201287159 -156.373305183645       24.2
  593647.0  7920275.2 71.366208328687 -156.373287830248       23.7
  593647.5  7920276.0 71.366215370212 -156.373270476838       22.9
  593648.1  7920276.8 71.366222411737 -156.373253123415       22.0
  593648.7  7920277.7 71.366229453259 -156.373235769980       21.0
  593649.3  7920278.5 71.366236494780 -156.373218416532       19.7
  593649.9  7920279.3 71.366243536300 -156.373201063071       18.4
  593650.5  7920280.1 71.366250577817 -156.373183709598       17.0
  593651.1  7920280.9 71.366257619333 -156.373166356112       15.6
  593651.6  7920281.7 71.366264660848 -156.373149002613       14.2
  593652.2  7920282.5 71.366271702361 -156.373131649102       13.0
  593652.8  7920283.3 71.366278743872 -156.373114295578       11.8
  593653.4  7920284.1 71.366285785382 -156.373096942042       10.8
  593654.0  7920285.0 71.366292826890 -156.373079588492       10.0
  593654.6  7920285.8 71.366299868396 -156.373062234930        9.3
  593655.1  7920286.6 71.366306909901 -156.373044881356        8.9
  593655.7  7920287.4 71.366313951404 -156.373027527769        8.7
  593656.3  7920288.2 71.366320992906 -156.373010174169        8.7
  593656.9  7920289.0 71.366328034406 -156.372992820556        8.9
  593657.5  7920289.8 71.366335075904 -156.372975466931        9.3
  593658.1  7920290.6 71.366342117401 -156.372958113293        9.9
  593658.6  7920291.5 71.366349158896 -156.372940759642       10.5
  593659.2  7920292.3 71.366356200389 -156.372923405979       11.2
  593659.8  7920293.1 71.366363241881 -156.372906052303       11.9
  593660.4  7920293.9 71.366370283372 -156.372888698615       12.6
  593661.0  7920294.7 71.366377324860 -156.372871344914       13.2
  593661.6  7920295.5 71.366384366347 -156.372853991200       13.7
  593662.2  7920296.3 71.366391407833 -156.372836637473       14.2
  593662.7  7920297.1 71.366398449316 -156.372819283734       14.6
  593663.3  7920297.9 71.366405490799 -156.372801929982       15.0
  593663.9  7920298.8 71.366412532279 -156.372784576218       15.3
  593664.5  7920299.6 71.366419573758 -156.372767222441       15.7
  593665.1  7920300.4 71.366426615235 -156.372749868651       16.1
  593665.7  7920301.2 71.366433656711 -156.372732514849       16.7
  593666.2  7920302.0 71.366440698185 -156.372715161033       17.4
  593666.8  7920302.8 71.366447739658 -156.372697807206       18.2
  593667.4  7920303.6 71.366454781128 -156.372680453365       19.1
  593668.0  7920304.4 71.366461822598 -156.372663099512       19.9
  593668.6  7920305.3 71.366468864065 -156.372645745646       20.6
  593669.2  7920306.1 71.366475905531 -156.372628391768       21.3
  593669.7  7920306.9 71.366482946996 -156.372611037877       21.8
  593670.3  7920307.7 71.366489988458 -156.372593683973       22.2
  593670.9  7920308.5 71.366497029919 -156.372576330057       22.4
  593671.5  7920309.3 71.366504071379 -156.372558976128       22.4
  593672.1  7920310.1 71.366511112837 -156.372541622186       22.1
  593672.7  7920310.9 71.366518154293 -156.372524268232       21.7
  593673.3  7920311.7 71.366525195748 -156.372506914265       21.0
  593673.8  7920312.6 71.366532237201 -156.372489560285       20.3
  593674.4  7920313.4 71.366539278652 -156.372472206293       19.5
  593675.0  7920314.2 71.366546320102 -156.372454852288       18.8
  593675.6  7920315.0 71.366553361550 -156.372437498270       18.2
  593676.2  7920315.8 71.366560402997 -156.372420144240       17.7
  593676.8  7920316.6 71.366567444442 -156.372402790197       17.2
  593677.3  7920317.4 71.366574485885 -156.372385436141       16.9
  593677.9  7920318.2 71.366581527327 -156.372368082073       16.6
  593678.5  7920319.0 71.366588568767 -156.372350727992       16.3
  593679.1  7920319.9 71.366595610205 -156.372333373898       16.1
  593679.7  7920320.7 71.366602651642 -156.372316019792       15.9
  593680.3  7920321.5 71.366609693078 -156.372298665673       15.6
  593680.8  7920322.3 71.366616734511 -156.372281311542       15.4
  593681.4  7920323.1 71.366623775943 -156.372263957397       15.2
  593682.0  7920323.9 71.366630817374 -156.372246603240       14.9
  593682.6  7920324.7 71.366637858802 -156.372229249071       14.6
  593683.2  7920325.5 71.366644900230 -156.372211894889       14.2
  593683.8  7920326.4 71.366651941655 -156.372194540694       13.8
  593684.4  7920327.2 71.366658983079 -156.372177186486       13.5
  593684.9  7920328.0 71.366666024501 -156.372159832266       13.2
  593685.5  7920328.8 71.366673065922 -156.372142478033       13.1
  593686.1  7920329.6 71.366680107341 -156.372125123788       13.1
  593686.7  7920330.4 71.366687148759 -156.372107769529       13.1
  593687.3  7920331.2 71.366694190174 -156.372090415259       13.2
  593687.9  7920332.0 71.366701231589 -156.372073060975       13.4
  593688.4  7920332.8 71.366708273001 -156.372055706679       13.5
  593689.0  7920333.7 71.366715314412 -156.372038352370       13.6
  593689.6  7920334.5 71.366722355822 -156.372020998049       13.7
  593690.2  7920335.3 71.366729397229 -156.372003643714       13.7
  593690.8  7920336.1 71.366736438636 -156.371986289368       13.7
  593691.4  7920336.9 71.366743480040 -156.371968935008       13.6
  593691.9  7920337.7 71.366750521443 -156.371951580636       13.5
  593692.5  7920338.5 71.366757562844 -156.371934226251       13.3
  593693.1  7920339.3 71.366764604244 -156.371916871854       13.0
  593693.7  7920340.1 71.366771645642 -156.371899517444       12.8
  593694.3  7920341.0 71.366778687038 -156.371882163021       12.5
  593694.9  7920341.8 71.366785728433 -156.371864808586       12.4
  593695.5  7920342.6 71.366792769826 -156.371847454138       12.4
  593696.0  7920343.4 71.366799811218 -156.371830099677       12.5
  593696.6  7920344.2 71.366806852608 -156.371812745203       12.9
  593697.2  7920345.0 71.366813893996 -156.371795390717       13.4
  593697.8  7920345.8 71.366820935383 -156.371778036219       14.0
  593698.4  7920346.6 71.366827976768 -156.371760681707       14.7
  593699.0  7920347.5 71.366835018152 -156.371743327183       15.6
  593699.5  7920348.3 71.366842059533 -156.371725972647       16.5
  593700.1  7920349.1 71.366849100914 -156.371708618097       17.5
  593700.7  7920349.9 71.366856142292 -156.371691263535       18.6
  593701.3  7920350.7 71.366863183669 -156.371673908960       19.5
  593701.9  7920351.5 71.366870225045 -156.371656554373       20.4
  593702.5  7920352.3 71.366877266419 -156.371639199773       21.3
  593703.0  7920353.1 71.366884307791 -156.371621845161       22.1
  593703.6  7920353.9 71.366891349161 -156.371604490535       22.9
  593704.2  7920354.8 71.366898390530 -156.371587135897       23.6
  593704.8  7920355.6 71.366905431898 -156.371569781247       24.2
  593705.4  7920356.4 71.366912473263 -156.371552426583       24.9
  593706.0  7920357.2 71.366919514627 -156.371535071907       25.5
  593706.6  7920358.0 71.366926555990 -156.371517717219       26.0
  593707.1  7920358.8 71.366933597351 -156.371500362517       26.6
  593707.7  7920359.6 71.366940638710 -156.371483007804       27.2
  593708.3  7920360.4 71.366947680067 -156.371465653077       27.7
  593708.9  7920361.3 71.366954721423 -156.371448298338       28.1
  593709.5  7920362.1 71.366961762778 -156.371430943586       28.4
  593710.1  7920362.9 71.366968804130 -156.371413588821       28.6
  593710.6  7920363.7 71.366975845482 -156.371396234044       28.6
  593711.2  7920364.5 71.366982886831 -156.371378879254       28.4
  593711.8  7920365.3 71.366989928179 -156.371361524452       28.0
  593712.4  7920366.1 71.366996969525 -156.371344169636       27.5
  593713.0  7920366.9 71.367004010870 -156.371326814808       26.8
  593713.6  7920367.7 71.367011052213 -156.371309459968       26.0
  593714.1  7920368.6 71.367018093554 -156.371292105115       25.1
  593714.7  7920369.4 71.367025134894 -156.371274750249       24.1
  593715.3  7920370.2 71.367032176232 -156.371257395370       23.1
  593715.9  7920371.0 71.367039217569 -156.371240040479       22.1
  593716.5  7920371.8 71.367046258904 -156.371222685575       21.1
  593717.1  7920372.6 71.367053300237 -156.371205330659       20.3
  593717.7  7920373.4 71.367060341569 -156.371187975730       19.5
  593718.2  7920374.2 71.367067382899 -156.371170620788       18.9
  593718.8  7920375.0 71.367074424228 -156.371153265833       18.5
  593719.4  7920375.9 71.367081465555 -156.371135910866       18.2
  593720.0  7920376.7 71.367088506880 -156.371118555887       18.2
  593720.6  7920377.5 71.367095548203 -156.371101200894       18.3
  593721.2  7920378.3 71.367102589525 -156.371083845889       18.8
  593721.7  7920379.1 71.367109630846 -156.371066490871       19.4
  593722.3  7920379.9 71.367116672165 -156.371049135841       20.3
  593722.9  7920380.7 71.367123713482 -156.371031780798       21.4
  593723.5  7920381.5 71.367130754797 -156.371014425742       22.6
  593724.1  7920382.4 71.367137796111 -156.370997070674       23.9
  593724.7  7920383.2 71.367144837424 -156.370979715592       25.2
  593725.2  7920384.0 71.367151878734 -156.370962360499       26.3
  593725.8  7920384.8 71.367158920043 -156.370945005392       27.3
  593726.4  7920385.6 71.367165961351 -156.370927650273       28.0
  593727.0  7920386.4 71.367173002657 -156.370910295142       28.5
  593727.6  7920387.2 71.367180043961 -156.370892939997       28.7
  593728.2  7920388.0 71.367187085264 -156.370875584840       28.6
  593728.8  7920388.8 71.367194126565 -156.370858229670       28.2
  593729.3  7920389.7 71.367201167864 -156.370840874488       27.5
  593729.9  7920390.5 71.367208209162 -156.370823519293       26.7
  593730.5  7920391.3 71.367215250458 -156.370806164085       25.8
  593731.1  7920392.1 71.367222291752 -156.370788808865       24.9
  593731.7  7920392.9 71.367229333045 -156.370771453632       24.1
  593732.3  7920393.7 71.367236374336 -156.370754098386       23.4
  593732.8  7920394.5 71.367243415626 -156.370736743128       23.0
  593733.4  7920395.3 71.367250456914 -156.370719387857       22.7
  593734.0  7920396.1 71.367257498201 -156.370702032574       22.5
  593734.6  7920397.0 71.367264539485 -156.370684677277       22.6
  593735.2  7920397.8 71.367271580769 -156.370667321968       22.7
  593735.8  7920398.6 71.367278622050 -156.370649966647       23.0
  593736.3  7920399.4 71.367285663330 -156.370632611312       23.2
  593736.9  7920400.2 71.367292704608 -156.370615255965       23.5
  593737.5  7920401.0 71.367299745885 -156.370597900606       23.8
  593738.1  7920401.8 71.367306787160 -156.370580545234       24.1
  593738.7  7920402.6 71.367313828434 -156.370563189849       24.3
  593739.3  7920403.5 71.367320869706 -156.370545834451       24.5
  593739.9  7920404.3 71.367327910976 -156.370528479041       24.7
  593740.4  7920405.1 71.367334952244 -156.370511123618       24.8
  593741.0  7920405.9 71.367341993512 -156.370493768182       25.0
  593741.6  7920406.7 71.367349034777 -156.370476412734       25.2
  593742.2  7920407.5 71.367356076041 -156.370459057273       25.5
  593742.8  7920408.3 71.367363117303 -156.370441701800       26.0
  593743.4  7920409.1 71.367370158563 -156.370424346313       26.5
  593743.9  7920409.9 71.367377199822 -156.370406990815       27.1
  593744.5  7920410.8 71.367384241080 -156.370389635303       27.7
  593745.1  7920411.6 71.367391282335 -156.370372279779       28.4
  593745.7  7920412.4 71.367398323589 -156.370354924242       29.0
  593746.3  7920413.2 71.367405364842 -156.370337568693       29.6
  593746.9  7920414.0 71.367412406093 -156.370320213130       30.1
  593747.4  7920414.8 71.367419447342 -156.370302857556       30.4
  593748.0  7920415.6 71.367426488590 -156.370285501968       30.6
  593748.6  7920416.4 71.367433529836 -156.370268146368       30.6
  593749.2  7920417.3 71.367440571080 -156.370250790755       30.4
  593749.8  7920418.1 71.367447612323 -156.370233435130       30.0
  593750.4  7920418.9 71.367454653564 -156.370216079491       29.5
  593751.0  7920419.7 71.367461694803 -156.370198723841       28.9
  593751.5  7920420.5 71.367468736041 -156.370181368177       28.2
  593752.1  7920421.3 71.367475777277 -156.370164012501       27.5
  593752.7  7920422.1 71.367482818512 -156.370146656812       26.8
  593753.3  7920422.9 71.367489859745 -156.370129301111       26.0
  593753.9  7920423.7 71.367496900977 -156.370111945397       25.4
  593754.5  7920424.6 71.367503942206 -156.370094589670       24.8
  593755.0  7920425.4 71.367510983435 -156.370077233931       24.3
  593755.6  7920426.2 71.367518024661 -156.370059878179       23.8
  593756.2  7920427.0 71.367525065886 -156.370042522414       23.4
  593756.8  7920427.8 71.367532107109 -156.370025166636       22.9
  593757.4  7920428.6 71.367539148331 -156.370007810846       22.5
  593758.0  7920429.4 71.367546189551 -156.369990455044       22.1
  593758.5  7920430.2 71.367553230770 -156.369973099228       21.6
  593759.1  7920431.0 71.367560271987 -156.369955743400       21.1
  593759.7  7920431.9 71.367567313202 -156.369938387559       20.6
  593760.3  7920432.7 71.367574354415 -156.369921031706       20.1
  593760.9  7920433.5 71.367581395627 -156.369903675840       19.7
  593761.5  7920434.3 71.367588436838 -156.369886319961       19.4
  593762.1  7920435.1 71.367595478047 -156.369868964070       19.1
  593762.6  7920435.9 71.367602519254 -156.369851608166       18.9
  593763.2  7920436.7 71.367609560459 -156.369834252249       18.7
  593763.8  7920437.5 71.367616601663 -156.369816896320       18.5
  593764.4  7920438.4 71.367623642866 -156.369799540378       18.3
  593765.0  7920439.2 71.367630684066 -156.369782184423       18.0
  593765.6  7920440.0 71.367637725265 -156.369764828456       17.7
  593766.1  7920440.8 71.367644766463 -156.369747472476       17.4
  593766.7  7920441.6 71.367651807659 -156.369730116483       17.1
  593767.3  7920442.4 71.367658848853 -156.369712760478       16.6
  593767.9  7920443.2 71.367665890045 -156.369695404460       16.1
  593768.5  7920444.0 71.367672931236 -156.369678048430       15.6
  593769.1  7920444.8 71.367679972426 -156.369660692386       15.1
  593769.6  7920445.7 71.367687013613 -156.369643336330       14.6
  593770.2  7920446.5 71.367694054800 -156.369625980262       14.2
  593770.8  7920447.3 71.367701095984 -156.369608624180       13.9
  593771.4  7920448.1 71.367708137167 -156.369591268087       13.6
  593772.0  7920448.9 71.367715178348 -156.369573911980       13.4
  593772.6  7920449.7 71.367722219528 -156.369556555861       13.3
  593773.2  7920450.5 71.367729260706 -156.369539199729       13.2
  593773.7  7920451.3 71.367736301882 -156.369521843584       13.1
  593774.3  7920452.1 71.367743343057 -156.369504487427       13.1
  593774.9  7920453.0 71.367750384230 -156.369487131257       13.0
  593775.5  7920453.8 71.367757425402 -156.369469775075       12.9
  593776.1  7920454.6 71.367764466572 -156.369452418879       12.9
  593776.7  7920455.4 71.367771507740 -156.369435062671       12.9
  593777.2  7920456.2 71.367778548907 -156.369417706451       13.0
  593777.8  7920457.0 71.367785590072 -156.369400350218       13.1
  593778.4  7920457.8 71.367792631235 -156.369382993972       13.3
  593779.0  7920458.6 71.367799672397 -156.369365637713       13.6
  593779.6  7920459.5 71.367806713558 -156.369348281442       13.9
  593780.2  7920460.3 71.367813754716 -156.369330925158       14.2
  593780.7  7920461.1 71.367820795873 -156.369313568862       14.6
  593781.3  7920461.9 71.367827837029 -156.369296212553       14.9
  593781.9  7920462.7 71.367834878182 -156.369278856231       15.1
  593782.5  7920463.5 71.367841919334 -156.369261499896       15.3
  593783.1  7920464.3 71.367848960485 -156.369244143549       15.3
  593783.7  7920465.1 71.367856001634 -156.369226787189       15.2
  593784.3  7920465.9 71.367863042781 -156.369209430817       15.0
  593784.8  7920466.8 71.367870083927 -156.369192074432       14.7
  593785.4  7920467.6 71.367877125071 -156.369174718034       14.3
  593786.0  7920468.4 71.367884166213 -156.369157361623       13.8
  593786.6  7920469.2 71.367891207354 -156.369140005200       13.2
  593787.2  7920470.0 71.367898248493 -156.369122648765       12.6
  593787.8  7920470.8 71.367905289631 -156.369105292316       12.0
  593788.3  7920471.6 71.367912330767 -156.369087935855       11.5
  593788.9  7920472.4 71.367919371901 -156.369070579381       11.0
  593789.5  7920473.3 71.367926413034 -156.369053222895       10.8
  593790.1  7920474.1 71.367933454165 -156.369035866396       10.8
  593790.7  7920474.9 71.367940495295 -156.369018509884       11.0
  593791.3  7920475.7 71.367947536423 -156.369001153359       11.5
  593791.8  7920476.5 71.367954577549 -156.368983796822       12.3
  593792.4  7920477.3 71.367961618673 -156.368966440273       13.3
  593793.0  7920478.1 71.367968659796 -156.368949083710       14.4
  593793.6  7920478.9 71.367975700918 -156.368931727135       15.6
  593794.2  7920479.7 71.367982742038 -156.368914370548       16.8
  593794.8  7920480.6 71.367989783156 -156.368897013947       17.9
  593795.4  7920481.4 71.367996824272 -156.368879657334       18.9
  593795.9  7920482.2 71.368003865387 -156.368862300708       19.8
  593796.5  7920483.0 71.368010906501 -156.368844944070       20.5
  593797.1  7920483.8 71.368017947612 -156.368827587419       20.9
  593797.7  7920484.6 71.368024988722 -156.368810230755       21.1
  593798.3  7920485.4 71.368032029831 -156.368792874079       21.1
  593798.9  7920486.2 71.368039070938 -156.368775517390       21.0
  593799.4  7920487.0 71.368046112043 -156.368758160688       20.8
  593800.0  7920487.9 71.368053153147 -156.368740803974       20.6
  593800.6  7920488.7 71.368060194249 -156.368723447247       20.5
  593801.2  7920489.5 71.368067235349 -156.368706090507       20.4
  593801.8  7920490.3 71.368074276448 -156.368688733755       20.5
  593802.4  7920491.1 71.368081317545 -156.368671376990       20.6
  593802.9  7920491.9 71.368088358640 -156.368654020212       20.8
  593803.5  7920492.7 71.368095399734 -156.368636663422       21.1
  593804.1  7920493.5 71.368102440827 -156.368619306619       21.4
  593804.7  7920494.4 71.368109481917 -156.368601949803       21.8
  593805.3  7920495.2 71.368116523006 -156.368584592975       22.1
  593805.9  7920496.0 71.368123564094 -156.368567236134       22.5
  593806.5  7920496.8 71.368130605180 -156.368549879280       22.8
  593807.0  7920497.6 71.368137646264 -156.368532522414       23.2
  593807.6  7920498.4 71.368144687346 -156.368515165535       23.5
  593808.2  7920499.2 71.368151728427 -156.368497808644       23.7
  593808.8  7920500.0 71.368158769507 -156.368480451739       23.9
  593809.4  7920500.8 71.368165810584 -156.368463094822       24.0
  593810.0  7920501.7 71.368172851660 -156.368445737893       24.0
  593810.5  7920502.5 71.368179892735 -156.368428380951       23.9
  593811.1  7920503.3 71.368186933808 -156.368411023996       23.8
  593811.7  7920504.1 71.368193974879 -156.368393667028       23.5
  593812.3  7920504.9 71.368201015949 -156.368376310048       23.2
  593812.9  7920505.7 71.368208057017 -156.368358953055       22.8
  593813.5  7920506.5 71.368215098083 -156.368341596049       22.3
  593814.0  7920507.3 71.368222139148 -156.368324239031       21.7
  593814.6  7920508.1 71.368229180211 -156.368306882000       21.1
  593815.2  7920509.0 71.368236221272 -156.368289524957       20.5
  593815.8  7920509.8 71.368243262332 -156.368272167901       20.0
  593816.4  7920510.6 71.368250303391 -156.368254810832       19.4
  593817.0  7920511.4 71.368257344447 -156.368237453750       19.0
  593817.6  7920512.2 71.368264385503 -156.368220096656       18.6
  593818.1  7920513.0 71.368271426556 -156.368202739549       18.4
  593818.7  7920513.8 71.368278467608 -156.368185382430       18.2
  593819.3  7920514.6 71.368285508658 -156.368168025297       18.2
  593819.9  7920515.5 71.368292549707 -156.368150668153       18.4
  593820.5  7920516.3 71.368299590754 -156.368133310995       18.7
  593821.1  7920517.1 71.368306631799 -156.368115953825       19.2
  593821.6  7920517.9 71.368313672843 -156.368098596642       19.8
  593822.2  7920518.7 71.368320713885 -156.368081239447       20.5
  593822.8  7920519.5 71.368327754925 -156.368063882238       21.3
  593823.4  7920520.3 71.368334795964 -156.368046525018       22.1
  593824.0  7920521.1 71.368341837002 -156.368029167784       22.9
  593824.6  7920521.9 71.368348878037 -156.368011810538       23.7
  593825.1  7920522.8 71.368355919071 -156.367994453279       24.4
  593825.7  7920523.6 71.368362960104 -156.367977096008       25.0
  593826.3  7920524.4 71.368370001134 -156.367959738724       25.3
  593826.9  7920525.2 71.368377042164 -156.367942381427       25.5
  593827.5  7920526.0 71.368384083191 -156.367925024117       25.4
  593828.1  7920526.8 71.368391124217 -156.367907666795       25.0
  593828.7  7920527.6 71.368398165241 -156.367890309460       24.5
  593829.2  7920528.4 71.368405206264 -156.367872952113       23.8
  593829.8  7920529.3 71.368412247285 -156.367855594753       23.0
  593830.4  7920530.1 71.368419288305 -156.367838237380       22.1
  593831.0  7920530.9 71.368426329323 -156.367820879995       21.1
  593831.6  7920531.7 71.368433370339 -156.367803522597       20.1
  593832.2  7920532.5 71.368440411353 -156.367786165186       19.1
  593832.7  7920533.3 71.368447452366 -156.367768807763       18.2
  593833.3  7920534.1 71.368454493378 -156.367751450326       17.5
  593833.9  7920534.9 71.368461534388 -156.367734092878       17.0
  593834.5  7920535.7 71.368468575396 -156.367716735416       16.7
  593835.1  7920536.6 71.368475616402 -156.367699377942       16.5
  593835.7  7920537.4 71.368482657407 -156.367682020456       16.4
  593836.2  7920538.2 71.368489698410 -156.367664662956        NaN
  593836.8  7920539.0 71.368496739412 -156.367647305444        NaN
  593837.4  7920539.8 71.368503780412 -156.367629947919        NaN
  593838.0  7920540.6 71.368510821411 -156.367612590382        NaN
  593838.6  7920541.4 71.368517862407 -156.367595232832        NaN
  593839.2  7920542.2 71.368524903403 -156.367577875269        NaN
  593839.8  7920543.0 71.368531944396 -156.367560517694        NaN
  593840.3  7920543.9 71.368538985388 -156.367543160106        NaN
  593840.9  7920544.7 71.368546026379 -156.367525802505        NaN
  593841.5  7920545.5 71.368553067367 -156.367508444892        NaN
  593842.1  7920546.3 71.368560108354 -156.367491087266        NaN
  593842.7  7920547.1 71.368567149340 -156.367473729627        NaN
  593843.3  7920547.9 71.368574190324 -156.367456371976        NaN
  593843.8  7920548.7 71.368581231306 -156.367439014312        NaN
  593844.4  7920549.5 71.368588272287 -156.367421656635        NaN
  593845.0  7920550.4 71.368595313266 -156.367404298946        NaN
  593845.6  7920551.2 71.368602354243 -156.367386941244        NaN
  593846.2  7920552.0 71.368609395219 -156.367369583529        NaN
  593846.8  7920552.8 71.368616436193 -156.367352225802        NaN
  593847.3  7920553.6 71.368623477166 -156.367334868062        NaN
  593847.9  7920554.4 71.368630518137 -156.367317510309        NaN
  593848.5  7920555.2 71.368637559106 -156.367300152544        NaN
  593849.1  7920556.0 71.368644600074 -156.367282794766        NaN
  593849.7  7920556.8 71.368651641040 -156.367265436975       19.6
  593850.3  7920557.7 71.368658682004 -156.367248079172       18.5
  593850.9  7920558.5 71.368665722967 -156.367230721356       17.5
  593851.4  7920559.3 71.368672763928 -156.367213363527       16.6
  593852.0  7920560.1 71.368679804888 -156.367196005686       16.0
  593852.6  7920560.9 71.368686845846 -156.367178647832       15.5
  593853.2  7920561.7 71.368693886802 -156.367161289966       15.1
  593853.8  7920562.5 71.368700927757 -156.367143932086       14.8
  593854.4  7920563.3 71.368707968710 -156.367126574194       14.5
  593854.9  7920564.1 71.368715009661 -156.367109216290       14.4
  593855.5  7920565.0 71.368722050611 -156.367091858373       14.3
  593856.1  7920565.8 71.368729091560 -156.367074500443       14.2
  593856.7  7920566.6 71.368736132506 -156.367057142500       14.3
  593857.3  7920567.4 71.368743173451 -156.367039784545       14.4
  593857.9  7920568.2 71.368750214395 -156.367022426577       14.6
  593858.4  7920569.0 71.368757255337 -156.367005068596       14.9
  593859.0  7920569.8 71.368764296277 -156.366987710603       15.3
  593859.6  7920570.6 71.368771337215 -156.366970352597       15.7
  593860.2  7920571.5 71.368778378152 -156.366952994579       16.3
  593860.8  7920572.3 71.368785419088 -156.366935636548       16.9
  593861.4  7920573.1 71.368792460021 -156.366918278504       17.6
  593862.0  7920573.9 71.368799500953 -156.366900920447       18.3
  593862.5  7920574.7 71.368806541884 -156.366883562378       19.0
  593863.1  7920575.5 71.368813582813 -156.366866204296       19.8
  593863.7  7920576.3 71.368820623740 -156.366848846201       20.6
  593864.3  7920577.1 71.368827664666 -156.366831488094       21.4
  593864.9  7920577.9 71.368834705590 -156.366814129974       22.2
  593865.5  7920578.8 71.368841746512 -156.366796771842        NaN
  593866.0  7920579.6 71.368848787433 -156.366779413697        NaN
  593866.6  7920580.4 71.368855828352 -156.366762055539        NaN
  593867.2  7920581.2 71.368862869270 -156.366744697368        NaN
  593867.8  7920582.0 71.368869910185 -156.366727339185        NaN
  593868.4  7920582.8 71.368876951100 -156.366709980989        NaN
  593869.0  7920583.6 71.368883992012 -156.366692622781        NaN
  593869.5  7920584.4 71.368891032923 -156.366675264560        NaN
  593870.1  7920585.3 71.368898073833 -156.366657906326        NaN
  593870.7  7920586.1 71.368905114741 -156.366640548079        NaN
  593871.3  7920586.9 71.368912155647 -156.366623189820        NaN
  593871.9  7920587.7 71.368919196552 -156.366605831548        NaN
  593872.5  7920588.5 71.368926237454 -156.366588473264        NaN
  593873.1  7920589.3 71.368933278356 -156.366571114967        NaN
  593873.6  7920590.1 71.368940319256 -156.366553756657        NaN
  593874.2  7920590.9 71.368947360154 -156.366536398334        NaN
  593874.8  7920591.7 71.368954401050 -156.366519039999        NaN
  593875.4  7920592.6 71.368961441945 -156.366501681652        NaN
  593876.0  7920593.4 71.368968482838 -156.366484323291        NaN
  593876.6  7920594.2 71.368975523730 -156.366466964918        NaN
  593877.1  7920595.0 71.368982564620 -156.366449606532        NaN
  593877.7  7920595.8 71.368989605508 -156.366432248134        NaN
  593878.3  7920596.6 71.368996646395 -156.366414889723        NaN
  593878.9  7920597.4 71.369003687280 -156.366397531299        NaN
  593879.5  7920598.2 71.369010728164 -156.366380172862        NaN
  593880.1  7920599.0 71.369017769046 -156.366362814413        NaN
  593880.7  7920599.9 71.369024809926 -156.366345455952        NaN
  593881.2  7920600.7 71.369031850805 -156.366328097477       16.8
  593881.8  7920601.5 71.369038891682 -156.366310738990       15.6
  593882.4  7920602.3 71.369045932557 -156.366293380490       14.6
  593883.0  7920603.1 71.369052973431 -156.366276021978       13.7
  593883.6  7920603.9 71.369060014303 -156.366258663453       12.9
  593884.2  7920604.7 71.369067055174 -156.366241304915       12.3
  593884.7  7920605.5 71.369074096043 -156.366223946365       11.9
  593885.3  7920606.4 71.369081136910 -156.366206587802       11.6
  593885.9  7920607.2 71.369088177776 -156.366189229226       11.5
  593886.5  7920608.0 71.369095218640 -156.366171870637       11.5
  593887.1  7920608.8 71.369102259503 -156.366154512036       11.5
  593887.7  7920609.6 71.369109300364 -156.366137153423       11.7
  593888.2  7920610.4 71.369116341223 -156.366119794796       11.9
  593888.8  7920611.2 71.369123382081 -156.366102436157       12.1
  593889.4  7920612.0 71.369130422937 -156.366085077505       12.4
  593890.0  7920612.8 71.369137463791 -156.366067718841       12.7
  593890.6  7920613.7 71.369144504644 -156.366050360164       13.1
  593891.2  7920614.5 71.369151545495 -156.366033001474       13.5
  593891.8  7920615.3 71.369158586345 -156.366015642772       14.0
  593892.3  7920616.1 71.369165627193 -156.365998284057       14.5
  593892.9  7920616.9 71.369172668039 -156.365980925329       15.1
  593893.5  7920617.7 71.369179708884 -156.365963566589       15.6
  593894.1  7920618.5 71.369186749727 -156.365946207836       16.2
  593894.7  7920619.3 71.369193790568 -156.365928849070       16.7
  593895.3  7920620.1 71.369200831408 -156.365911490292       17.1
  593895.8  7920621.0 71.369207872246 -156.365894131501       17.5
  593896.4  7920621.8 71.369214913083 -156.365876772697       17.8
  593897.0  7920622.6 71.369221953918 -156.365859413881       18.0
  593897.6  7920623.4 71.369228994751 -156.365842055052       18.2
  593898.2  7920624.2 71.369236035583 -156.365824696210       18.2
  593898.8  7920625.0 71.369243076413 -156.365807337356       18.2
  593899.3  7920625.8 71.369250117242 -156.365789978489       18.1
  593899.9  7920626.6 71.369257158069 -156.365772619609       17.8
  593900.5  7920627.5 71.369264198894 -156.365755260717       17.5
  593901.1  7920628.3 71.369271239718 -156.365737901812       17.0
  593901.7  7920629.1 71.369278280540 -156.365720542894       16.4
  593902.3  7920629.9 71.369285321360 -156.365703183964       15.8
  593902.9  7920630.7 71.369292362179 -156.365685825021       15.2
  593903.4  7920631.5 71.369299402996 -156.365668466065       14.5
  593904.0  7920632.3 71.369306443812 -156.365651107097       13.9
  593904.6  7920633.1 71.369313484626 -156.365633748116       13.2
  593905.2  7920633.9 71.369320525438 -156.365616389122       12.7
  593905.8  7920634.8 71.369327566249 -156.365599030116       12.2
  593906.4  7920635.6 71.369334607058 -156.365581671097       11.7
  593906.9  7920636.4 71.369341647865 -156.365564312065       11.4
  593907.5  7920637.2 71.369348688671 -156.365546953021       11.2
  593908.1  7920638.0 71.369355729475 -156.365529593964       11.0
  593908.7  7920638.8 71.369362770278 -156.365512234894       10.8
  593909.3  7920639.6 71.369369811079 -156.365494875812       10.7
  593909.9  7920640.4 71.369376851879 -156.365477516717       10.5
  593910.4  7920641.3 71.369383892676 -156.365460157610       10.4
  593911.0  7920642.1 71.369390933472 -156.365442798489       10.3
  593911.6  7920642.9 71.369397974267 -156.365425439356       10.3
  593912.2  7920643.7 71.369405015060 -156.365408080211       10.4
  593912.8  7920644.5 71.369412055851 -156.365390721053       10.4
  593913.4  7920645.3 71.369419096641 -156.365373361882       10.5
  593914.0  7920646.1 71.369426137429 -156.365356002698       10.7
  593914.5  7920646.9 71.369433178215 -156.365338643502       10.8
  593915.1  7920647.7 71.369440219000 -156.365321284293       11.0
  593915.7  7920648.6 71.369447259784 -156.365303925071       11.2
  593916.3  7920649.4 71.369454300565 -156.365286565837       11.5
